87
51
249
23
248
59
1
225
230
136
121
61
157
220
102
207
265
27
226
244
139
73
49
176
100
191
63
245
82
192
31
171
178
107
181
203
67
195
65
247
180
211
125
215
117
99
232
208
77
111
4
224
229
113
183
222
262
242
122
34
169
86
187
56
213
134
85
2
223
143
263
54
235
5
81
127
193
212
259
190
218
173
237
45
48
74
58
14
164
186
41
233
98
109
197
156
198
123
76
26
204
44
154
35
184
97
261
150
188
32
145
250
149
151
108
21
174
25
66
257
256
194
253
91
15
68
83
89
148
92
135
64
251
132
202
72
88
138
116
95
196
236
16
112
13
216
221
146
234
166
189
141
79
201
40
53
71
137
39
163
9
24
240
69
160
161
28
120
115
124
142
62
185
52
238
29
243
179
8
30
158
93
46
260
12
60
241
101
118
126
10
38
167
11
214
210
155
172
105
177
3
70
206
90
36
114
42
217
119
94
227
19
33
17
80
43
129
78
255
128
258
147
209
7
18
152
50
55
140
22
57
219
84
37
182
264
200
231
162
131
144
153
47
106
6
20
246
170
254
239
75
175
252
133
205
165
168
96
159
228
130