68
140
8
201
155
66
94
190
204
197
160
120
199
79
256
222
64
265
49
193
189
91
55
20
18
54
173
88
114
171
16
109
82
148
56
244
185
183
180
113
166
202
153
127
115
143
260
252
184
263
139
71
203
243
98
84
65
32
17
154
132
170
90
29
43
186
213
174
163
236
228
192
106
237
188
123
187
162
262
198
232
126
99
255
50
195
135
39
48
74
137
238
129
89
42
254
207
105
41
246
13
168
239
151
46
92
211
37
95
146
52
73
258
60
175
249
19
240
36
247
159
51
136
121
196
97
31
44
229
70
235
53
182
102
26
35
245
194
150
6
25
7
93
85
227
219
14
161
165
257
100
179
3
96
141
12
124
69
225
86
206
108
10
144
4
38
125
217
9
23
47
107
226
134
181
223
156
224
40
22
251
11
58
45
61
177
218
116
130
220
208
67
145
133
21
221
264
242
215
28
205
33
248
172
1
233
15
57
169
111
119
118
75
191
117
5
112
24
76
209
149
253
138
158
234
62
157
200
178
261
216
230
77
83
72
231
259
241
80
34
101
212
176
152
210
59
122
128
214
78
250
27
63
147
81
2
142
87
164
131
167
30